Aqui está a lista de CEPs sem o traço:

10675437  
19434594  
12288217  
10554101  
18959556  
12329979  
14401543  
10355210  
11875309  
19685927  
19425070  
12137416  
13726463  
18384412  
11624021  
18010589  
16551134  
13289953  
17646823  
12252029  
11938351  
11275988  
17814623  
12134951  
10143410  
12616105  
10125800  
19001637  
16128343  
15638289  
17440156  
10780323  
13940622  
17543110  
19997765  
15995818  
17941401  
15205286  
10917690  
18031672  
14246891  
10094278  
12813724  
18764171  
17519818  
14196967  
15922524  
10359098  
12257035  
14980173  
20713650  
25262094  
25421607  
28731095  
27366279  
22228784  
21690809  
25450802  
25849674  
27384905  
24201016  
27060051  
20465556  
20872190  
24509476  
27533350  
26554111  
25567307  
20644910  
22021658  
21779675  
20013588  
27215676  
26880706  
25402559  
21843644  
28924295  
23886738  
20411402  
28780765  
22149634  
27947898  
26784050  
20330552  
21116031  
21697101  
25621034  
23152758  
22024444  
22620509  
23931930  
27363860  
28724595  
22708585  
22514697  
20913786  
26766908  
24005614  
22057623  
24264690  
30542551  
34980371  
34244950  
33810225  
36551809  
39699686  
31624989  
33490671  
31814148  
36318719  
32933423  
35561421  
35369673  
37493374  
33384966  
39418620  
36247956  
31006360  
33382968  
32620536  
36974411  
36507807  
37858087  
34021790  
32945618  
36469519  
31589394  
30674850  
32826912  
39782604  
33949692  
31485578  
30118212  
33542716  
32553767  
39166614  
30575940  
33747948  
38530676  
31063203  
33921451  
31924139  
30329856  
31931475  
36436653  
30765229  
38624819  
37025987  
33731164  
35874599  
31799641  
31001070  
31162794  
31962642  
31893938  
31346492  
30712350  
30988901  
30326100  
30615238  
31895229  
31952020  
30860887  
31305253  
31089250  
30716736  
30466859  
31986009  
30253737  
31015070  
31023888  
31944811  
31254048  
31561831  
31376036  
30645163  
31335229  
31369920  
30705454  
31893291  
31884905  
31167101  
31038637  
31798915  
31555530  
30660094  
30690060  
31236315  
30239964  
30871333  
31057754  
31855126  
30371479  
31882438  
30511834  
31304267  
30816050  
31590676  
31451769  
31369994  
73499300  
76013687  
73577276  
76215218  
75550540  
75287584  
75852928  
74617156  
73474945  
76349228  
76316977  
75491576  
74055909  
76006535  
73458500  
73027095  
73613072  
73430499  
75266386  
73962420  
74346998  
74171526  
76334113  
74667409  
74338904  
75477516  
74743840  
76388188  
73449946  
73468480  
73829637  
75004628  
73128082  
74186663  
73762277  
76525919  
74535150  
74318223  
75925175  
73848423  
72913314  
76329094  
76698809  
73150218  
73929516  
73098687  
72927170  
74622118  
76445497  
75099899  
78418303  
78673229  
78125082  
78420427  
78608438  
78728174  
78895407  
78216675  
78872495  
78853666  
78313182  
78676589  
78674386  
78105802  
78306741  
78561677  
78712621  
78115591  
78360385  
78605500  
78001846  
78406085  
78827458  
78641551  
78023576  
78410407  
78859293  
78736829  
78477482  
78540022  
78295726  
78030743  
78564171  
78376811  
78085359  
78307544  
78467206  
78415978  
78782690  
78161510  
78834729  
78882218  
78331029  
78284236  
78550579  
78467787  
78177997  
78832468  
78492436  
78092787

